1 0.000010
2 0.000010
3 0.000010
4 0.000012
5 0.000012
6 0.000011
7 0.000012
8 0.000010
9 0.000012
10 0.000011
20 0.000010
30 0.000013
40 0.000011
50 0.000012
60 0.000012
70 0.000013
80 0.000012
90 0.000013
100 0.000015
200 0.000018
300 0.000021
400 0.000022
500 0.000026
600 0.000028
700 0.000031
800 0.000035
900 0.000037
1000 0.000041
2000 0.000069
3000 0.000099
4000 0.000131
5000 0.000160
6000 0.000189
7000 0.000219
8000 0.000248
9000 0.000280
10000 0.000308
20000 0.000601
30000 0.000900
40000 0.001193
50000 0.001489
60000 0.001787
70000 0.002081
80000 0.002378
90000 0.002672
100000 0.002969
200000 0.005926
300000 0.008882
400000 0.011842
500000 0.014798
600000 0.017755
700000 0.020712
800000 0.023669
900000 0.026625
1000000 0.029584
2000000 0.059154
3000000 0.088725
4000000 0.118298
5000000 0.147869
6000000 0.177445
7000000 0.207013
8000000 0.236584
9000000 0.266155
10000000 0.295729
20000000 0.591451
30000000 0.887160
40000000 1.182878
50000000 1.478597
60000000 1.774313
70000000 2.070018
80000000 2.365749
90000000 2.661474
100000000 2.957194
