1 0.000010
2 0.000011
3 0.000014
4 0.000012
5 0.000013
6 0.000013
7 0.000014
8 0.000014
9 0.000015
10 0.000014
20 0.000020
30 0.000025
40 0.000029
50 0.000036
60 0.000041
70 0.000045
80 0.000049
90 0.000055
100 0.000059
200 0.000107
300 0.000156
400 0.000206
500 0.000253
600 0.000301
700 0.000353
800 0.000401
900 0.000449
1000 0.000496
2000 0.000985
3000 0.001468
4000 0.001954
5000 0.002441
6000 0.002927
7000 0.003414
8000 0.003899
9000 0.004384
10000 0.004870
20000 0.009728
30000 0.014591
40000 0.019452
50000 0.024309
60000 0.029170
70000 0.034025
80000 0.038884
90000 0.043748
100000 0.048602
200000 0.097192
300000 0.145780
400000 0.194371
500000 0.242963
600000 0.291558
700000 0.340140
800000 0.388732
900000 0.437331
1000000 0.485914
2000000 0.971822
3000000 1.457718
4000000 1.943621
5000000 2.429527
6000000 2.915431
7000000 3.401325
8000000 3.887234
9000000 4.373132
10000000 4.859038
20000000 9.718046
30000000 14.577100
