1 0.000014
2 0.000011
3 0.000010
4 0.000010
5 0.000010
6 0.000010
7 0.000011
8 0.000010
9 0.000010
10 0.000010
20 0.000010
30 0.000010
40 0.000010
50 0.000010
60 0.000011
70 0.000010
80 0.000011
90 0.000012
100 0.000010
200 0.000012
300 0.000014
400 0.000013
500 0.000013
600 0.000014
700 0.000016
800 0.000015
900 0.000017
1000 0.000016
2000 0.000022
3000 0.000029
4000 0.000035
5000 0.000041
6000 0.000048
7000 0.000055
8000 0.000062
9000 0.000066
10000 0.000072
20000 0.000137
30000 0.000196
40000 0.000259
50000 0.000321
60000 0.000382
70000 0.000444
80000 0.000504
90000 0.000567
100000 0.000629
200000 0.001246
300000 0.001866
400000 0.002486
500000 0.003103
600000 0.003720
700000 0.004337
800000 0.004955
900000 0.005575
1000000 0.006192
2000000 0.012372
3000000 0.018554
4000000 0.024735
5000000 0.030917
6000000 0.037096
7000000 0.043278
8000000 0.049459
9000000 0.055639
10000000 0.061819
20000000 0.123628
30000000 0.185434
40000000 0.247249
50000000 0.309051
60000000 0.370858
70000000 0.432681
80000000 0.494471
90000000 0.556286
100000000 0.618097
